1 0 0
2 0 0
3 0 0
4 0 0
5 0 0
6 0 0
7 0 0
8 0 0
9 0 0
10 0 0
11 0 0
12 0 0
13 0 0
14 0 0
15 0 0
16 0 0
16 0 1
16 1 1
16 2 1
16 3 1
16 4 1
17 4 1
17 4 2
17 4 3
18 4 3
18 4 4
18 5 4
18 5 5
18 6 5
19 6 5
20 6 5
21 6 5
22 6 5
22 7 5
22 8 5
22 8 6
22 8 7
22 8 8
22 8 9
22 8 10
22 8 11
23 8 11
24 8 11
25 8 11
26 8 11
27 8 11
28 8 11
28 8 12
29 8 12
29 8 13
29 9 13
30 9 13
30 9 14
30 10 14
31 10 14
31 10 15
32 10 15
33 10 15
33 11 15
34 11 15
34 11 16
34 12 16
35 12 16
36 12 16
37 12 16
38 12 16
38 12 17
38 13 17
