00 1 0
0 1 1
0 2 1
0 3 1
1 3 1
1 4 1
2 4 1
3 4 1
3 4 2
3 5 2
3 5 3
3 5 4
3 6 4
4 6 4
4 6 5
4 7 5
4 8 5
4 9 5
5 9 5
6 9 5
7 9 5
8 9 5
8 10 5
9 10 5
10 10 5
11 10 5
12 10 5
12 11 5
12 11 6
13 11 6
13 12 6
14 12 6
14 12 7
14 13 7
14 13 8
15 13 8
15 13 9
15 14 9
15 15 9
15 15 10
15 16 10
15 17 10
15 17 11
15 18 11
15 18 12
15 18 13
16 18 13
17 18 13
17 18 14
17 19 14
17 20 14
17 21 14
18 21 14
18 21 15
19 21 15
19 22 15
19 22 16
19 23 16
19 23 17
19 24 17
19 25 17
19 25 18
20 25 18
20 26 18
20 27 18
20 28 18
20 29 18
20 30 18
20 31 18
21 31 18
21 32 18
22 32 18
22 33 18
22 33 19
23 33 19
23 33 20
24 33 20
24 33 21
24 33 22
24 34 22
25 34 22
26 34 22
26 34 23
26 34 24
27 34 24
27 35 24
27 35 25
28 35 25
29 35 25
29 35 26
29 36 26
30 36 26
30 36 27
30 37 27
31 37 27
31 37 28
31 37 29
31 38 29
32 38 29
32 38 30
33 38 30
34 38 30
35 38 30
36 38 30
37 38 30
38 38 30
39 38 30
40 38 30
40 38 31
40 39 31
41 39 31
41 39 32
41 40 32
42 40 32
42 40 33
42 41 33
43 41 33
43 41 34
43 42 34
43 43 34
44 43 34
45 43 34
46 43 34
47 43 34
48 43 34
49 43 34
50 43 34
51 43 34
52 43 34
53 43 34
54 43 34
54 44 34
54 44 35
54 44 36
54 44 37
54 45 37
54 46 37
54 46 38
55 46 38
56 46 38
56 47 38
56 47 39
57 47 39
57 47 40
57 48 40
58 48 40
58 48 41
58 49 41
59 49 41
59 49 42
60 49 42
60 49 43
60 50 43
61 50 43
61 50 44
61 51 44
62 51 44
62 52 44
63 52 44
63 52 45
63 53 45
63 53 46
63 53 47
63 53 48
63 54 48
64 54 48
64 54 49
64 55 49
64 56 49
64 56 50
64 57 50
65 57 50
65 58 50
