1 0 0
1 0 1
1 1 1
1 1 2
1 2 2
2 2 2
2 3 2
2 3 3
2 3 4
2 4 4
2 5 4
2 6 4
2 7 4
2 8 4
2 9 4
2 10 4
2 11 4
2 12 4
3 12 4
3 12 5
3 12 6
3 13 6
3 14 6
4 14 6
5 14 6
6 14 6
6 15 6
6 16 6
7 16 6
7 16 7
7 17 7
8 17 7
8 17 8
9 17 8
9 17 9
10 17 9
10 17 10
11 17 10
11 17 11
11 18 11
12 18 11
12 19 11
12 20 11
12 21 11
12 22 11
12 23 11
12 24 11
12 25 11
12 26 11
12 27 11
12 28 11
13 28 11
13 28 12
14 28 12
15 28 12
16 28 12
16 29 12
16 30 12
16 30 13
17 30 13
17 30 14
17 30 15
17 30 16
17 30 17
17 30 18
17 30 19
17 30 20
17 30 21
